11
16
23
42
43
55
72
74
76
84
98
100
103
120
135
145
161
174
209
244
245
345
393
394
468
564
583
589
601
768
829
831
844
921
1184
1232
1259
1260
1342
1399
1400
1513
1514
1523
1661
1695
1727
1998
2148
2160
2465
2527
2542
2554
2591
2600
2641
2680
2701
2852
2868
3011
3207
3268
3296
3300
4085
4300
4363
5197
5200
5740
6130
6133
6400
6593
6761
7326
8492
12082
15399
16328
16389
18143
19476
19771
20203
21839
22091
22541
22542
23784
24739
24793
25851
26000
26225
26296
26471
26849
27274
27509
27558
27713
27827
27997
28054
28152
28621
28942
31100
33283
34413
36034
36462
37106
37683
40284
40739
42486
42671
45304
45839
46976
47530
50285
51252
53874
59828
62215
64317
65238
65661
65662
67979
69087
70854
71046
75201
76639
